0021301035
0021300354
0021300654
0021300143
0021300838
0021300694
0021300794
0021300107
0021300999
0021300567
0021300346
0021300231
0021300195
0021301178
0021300653
0021301074
0021300409
0021300067
0021300360
0021300967
0021301002
0021300223
0021300483
0021300726
0021300318
0021300512
0021300927
0021300873
0021301010
0021300304
0021300582
0021300519
0021300434
0021300482
0021300213
0021300571
0021300234
0021301066
0021300870
0021300479
0021301034
0021300336
0021300692
0021300380
0021300893
0021300292
0021300413
0021300070
0021301124
0021300651
0021300323
0021300631
0021300312
0021300428
0021300753
0021300203
0021301087
0021301078
0021300475
0021300883
0021300462
0021300628
0021301111
0021300182
0021301157
0021300093
0021300461
0021301020
0021300710
0021300387
0021300403
0021301014
0021300762
0021300738
0021301109
0021301171
0021300749
0021300031
0021300407
0021300509
0021300438
0021300430
0021301219
0021300622
0021300325
0021300494
0021300131
0021301182
0021300945
0021300681
0021300281
0021300244
0021300379
0021300049
0021300871
0021300660
0021300813
0021300843
0021300882
0021300662
0021301081
0021300810
0021300757
0021300321
0021300405
0021300307
0021300775
0021300455
0021300825
0021300817
0021300408
0021300108
0021301114
0021300891
0021301144
0021300941
0021300877
0021300242
0021300439
0021301008
0021300374
0021301064
0021300513
0021300668
0021300555
0021301175
0021300233
0021300396
0021300731
0021300708
0021300896
0021300530
0021300055
0021300642
0021301028
0021300867
0021300976
0021300991
0021300425
0021301113
0021300274
0021300525
0021300677
0021301110
0021301082
0021300955
0021300943
0021301043
0021300072
0021301049
0021300207
0021300037
0021300421
0021300260
0021300296
0021301054
0021300470
0021300956
0021300435
0021300331
0021300166
0021300485
0021300936
0021300804
0021300508
0021300347
0021300050
0021300192
0021300176
0021300114
0021301210
0021300273
0021300988
0021301044
0021300527
0021300669
0021300535
0021300105
0021300306
0021301102
0021301062
0021300722
0021300903
0021300153
0021300444
0021300162
0021300036
0021300486
0021300639
0021300279
0021300899
0021300423
0021300557
0021300914
0021300798
0021301053
0021301052
0021300288
0021300735
0021301126
0021300146
0021301000
0021300585
0021301083
0021301013
0021300876
0021300157
0021300661
0021300352
0021300759
0021301084
0021300859
0021300445
0021300468
0021300644
0021300901
0021300641
0021300860
0021300829
0021300109
0021300733
0021301093
0021300376
0021300609
0021300172
0021300183
0021300857
0021300720
0021301122
0021300326
0021300589
0021300459
0021300285
0021300200
0021300340
0021300983
0021301108
0021300053
0021300540
0021300088
0021300008
0021300084
0021300294
0021300253
0021300389
0021300688
0021300250
0021301045
0021300665
0021300488
0021300052
0021300987
0021300155
0021300773
0021300156
0021300117
0021300672
0021300395
0021300270
0021300351
0021301117
0021300758
0021300715
0021301218
0021300142
0021300078
0021301183
0021300386
0021300130
0021300970
0021300327
0021300073
0021301165
0021301001
0021301164
0021300907
0021300539
0021300119
0021300013
0021300087
0021300333
0021300776
0021300096
0021300062
0021300437
0021300035
0021301071
0021300701
0021300771
0021301121
0021300542
0021300381
0021300443
0021300069
0021300727
0021300505
0021300822
0021301190
0021300847
0021300271
0021300619
0021300086
0021300942
0021300963
0021300510
0021301150
0021300712
0021300383
0021300785
0021300989
0021300249
0021301090
0021300487
0021301141
0021301119
0021301105
0021300718
0021301201
0021300442
0021300410
0021300778
0021300516
0021300795
0021300128
0021300716
0021300950
0021300095
0021300190
0021300864
0021300918
0021301015
0021301205
0021300636
0021301047
0021300448
0021300356
0021300415
0021300010
0021300344
0021300303
0021300237
0021300614
0021300337
0021300068
0021300734
0021300610
0021301215
0021300723
0021300928
0021301189
0021300083
0021300313
0021300569
0021300194
0021300472
0021300446
0021301226
0021300719
0021300328
0021301022
0021300826
0021301137
0021300686
0021300353
0021300680
0021300484
0021300334
0021301106
0021300954
0021300819
0021301088
0021300044
0021300392
0021300656
0021300549
0021300917
0021300141
0021300225
0021301216
0021300145
0021300474
0021300578
0021300397
0021300655
0021300431
0021300760
0021300693
0021301195
0021300852
0021300851
0021301202
0021301021
0021300090
0021300704
0021300931
0021300683
0021300944
0021301223
0021300058
0021300583
0021300065
0021300909
0021300558
0021301050
0021301085
0021300858
0021300025
0021300204
0021300152
0021301173
0021300503
0021301039
0021301140
0021301065
0021300598
0021300359
0021300588
0021300741
0021301079
0021300390
0021300228
0021300284
0021300061
0021300699
0021300502
0021301146
0021300457
0021300287
0021300103
0021301037
0021300189
0021300556
0021301024
0021300862
0021301193
0021300460
0021300059
0021301038
0021300246
0021300835
0021300575
0021300747
0021300820
0021300902
0021300764
0021300695
0021300422
0021301107
0021300186
0021301224
0021301120
0021300885
0021300366
0021300320
0021300064
0021300911
0021300755
0021300209
0021300362
0021300465
0021300707
0021300545
0021301136
0021300935
0021301207
0021300743
0021300092
0021301095
0021300815
0021300450
0021300011
0021300698
0021301018
0021300045
0021300890
0021300357
0021300164
0021300350
0021301007
0021301032
0021300222
0021300371
0021300158
0021300167
0021300254
0021300603
0021300202
0021300201
0021300591
0021301097
0021300178
0021300635
0021300678
0021300607
0021300881
0021300019
0021301134
0021300921
0021300926
0021300682
0021300996
0021300624
0021300424
0021301030
0021300580
0021300868
0021300300
0021300915
0021301180
0021300097
0021300801
0021300521
0021300453
0021300401
0021300564
0021300440
0021300919
0021301029
0021300770
0021300766
0021301200
0021300846
0021301056
0021300463
0021300391
0021300085
0021300169
0021300962
0021301130
0021300135
0021300414
0021300006
0021300630
0021300106
0021300702
0021300286
0021300994
0021300339
0021300411
0021300212
0021300015
0021301151
0021300984
0021300520
0021300621
0021300552
0021300171
0021300449
0021301033
0021300046
0021300601
0021300272
0021300259
0021301222
0021300579
0021300276
0021300597
0021300786
0021300551
0021301128
0021300056
0021300251
0021300082
0021300982
0021301230
0021300845
0021301169
0021301104
0021300196
0021300818
0021300805
0021300752
0021300355
0021300012
0021300744
0021300849
0021300309
0021300840
0021300364
0021300426
0021300866
0021300729
0021300121
0021301057
0021300763
0021300599
0021300685
0021301228
0021301145
0021300136
0021300188
0021300215
0021300980
0021300533
0021300511
0021301011
0021300499
0021301048
0021300827
0021300648
0021300997
0021300782
0021300007
0021301161
0021301098
0021300248
0021300302
0021300291
0021300750
0021300369
0021300768
0021301101
0021300368
0021300378
0021300278
0021300608
0021300338
0021300361
0021300349
0021301139
0021300611
0021300993
0021301068
0021301176
0021300966
0021300714
0021301132
0021300953
0021300489
0021300596
0021300226
0021300905
0021300023
0021300458
0021300120
0021300925
0021300981
0021300523
0021301209
0021300048
0021300280
0021300492
0021301138
0021300938
0021300094
0021300754
0021300187
0021300358
0021300930
0021300700
0021300946
0021300041
0021301063
0021300553
0021300604
0021300803
0021300018
0021300021
0021300345
0021300319
0021301152
0021300684
0021300617
0021300393
0021300261
0021300441
0021300034
0021300529
0021301127
0021300224
0021300229
0021300856
0021300828
0021300517
0021300003
0021300102
0021300163
0021300568
0021300550
0021300005
0021300836
0021300837
0021300546
0021301123
0021300576
0021300240
0021300613
0021301092
0021300960
0021300144
0021300363
0021300060
0021300800
0021300127
0021300964
0021300181
0021300643
0021300559
0021300518
0021301077
0021301158
0021301208
0021301191
0021300151
0021301059
0021301076
0021301198
0021300739
0021300536
0021300650
0021300626
0021300310
0021300566
0021300370
0021300098
0021301184
0021300402
0021300612
0021300912
0021300538
0021300563
0021300781
0021300372
0021300777
0021300774
0021300175
0021300978
0021300534
0021300892
0021300497
0021301213
0021301041
0021301042
0021300039
0021300498
0021300830
0021300017
0021300745
0021300933
0021300165
0021300992
0021301172
0021300507
0021300452
0021300924
0021300788
0021301155
0021300916
0021300910
0021300940
0021300154
0021301179
0021300769
0021300493
0021300687
0021300880
0021300481
0021300592
0021300863
0021300406
0021300009
0021300266
0021300116
0021300208
0021300071
0021300308
0021300123
0021300255
0021301194
0021300315
0021300258
0021301118
0021300537
0021300211
0021300456
0021300341
0021301075
0021300480
0021301129
0021301070
0021300221
0021300732
0021300112
0021300080
0021300934
0021300038
0021300875
0021300629
0021300001
0021300160
0021300736
0021300283
0021300834
0021300040
0021300173
0021301089
0021301142
0021300191
0021300615
0021300077
0021300311
0021300042
0021300298
0021301220
0021300526
0021301086
0021300282
0021301025
0021300844
0021300985
0021300219
0021300332
0021300412
0021300977
0021300690
0021300140
0021300972
0021300343
0021301181
0021300252
0021300779
0021300625
0021301167
0021300814
0021301091
0021300728
0021300057
0021301040
0021300478
0021300110
0021300433
0021300958
0021301061
0021301212
0021300974
0021300783
0021300236
0021300884
0021300855
0021300623
0021300217
0021300711
0021300076
0021300570
0021300952
0021300906
0021300174
0021300922
0021300139
0021300532
0021300394
0021301069
0021301094
0021300466
0021300705
0021300676
0021300584
0021300501
0021301203
0021300241
0021300016
0021300148
0021300239
0021300206
0021300973
0021300399
0021300965
0021300235
0021300957
0021301012
0021300590
0021301197
0021300600
0021301051
0021300618
0021300081
0021300671
0021300634
0021300730
0021300791
0021301162
0021300939
0021300471
0021300547
0021300297
0021300418
0021301166
0021300979
0021300848
0021300790
0021301112
0021300562
0021300137
0021300091
0021300606
0021300780
0021301153
0021300666
0021301017
0021300951
0021300605
0021300214
0021300796
0021300147
0021300969
0021300667
0021300427
0021301004
0021300543
0021301154
0021301196
0021301135
0021300792
0021300647
0021300220
0021301192
0021300134
0021300595
0021300257
0021300168
0021300652
0021300238
0021300573
0021300115
0021300697
0021301187
0021300572
0021300205
0021300275
0021300793
0021300496
0021300500
0021300419
0021300751
0021300806
0021300464
0021300968
0021300670
0021300673
0021301131
0021300986
0021301019
0021300560
0021300577
0021300177
0021301023
0021300267
0021300703
0021300322
0021300342
0021301188
0021300948
0021300789
0021300197
0021300594
0021301116
0021300122
0021301060
0021300929
0021300833
0021300696
0021300417
0021300663
0021300504
0021300289
0021300026
0021301003
0021300816
0021300561
0021300832
0021300995
0021300179
0021300263
0021300293
0021300772
0021300149
0021300382
0021300765
0021300404
0021301177
0021300522
0021300047
0021300850
0021300691
0021300100
0021300388
0021300894
0021300138
0021300913
0021301159
0021300180
0021300706
0021300264
0021300022
0021301149
0021301206
0021300367
0021300198
0021301096
0021300812
0021300365
0021300133
0021300030
0021300531
0021300451
0021300301
0021300104
0021300170
0021300227
0021300514
0021300454
0021300029
0021300593
0021300185
0021300469
0021301211
0021300879
0021300756
0021300659
0021300949
0021300268
0021300713
0021300821
0021300400
0021301160
0021300842
0021301103
0021300831
0021301115
0021300125
0021301156
0021300432
0021300898
0021300305
0021300184
0021300897
0021300033
0021300089
0021301072
0021300971
0021300937
0021300640
0021300054
0021300740
0021300230
0021301067
0021300398
0021300210
0021300375
0021300961
0021300099
0021300027
0021300675
0021300895
0021300324
0021300990
0021301036
0021300373
0021300888
0021301099
0021300581
0021300277
0021300721
0021300900
0021300637
0021300746
0021300447
0021300761
0021300541
0021300124
0021300548
0021300724
0021300245
0021300620
0021300923
0021301125
0021300627
0021300664
0021300329
0021300646
0021300377
0021300051
0021300717
0021300079
0021300544
0021300649
0021300784
0021300290
0021300420
0021301174
0021300674
0021301027
0021300269
0021300932
0021300159
0021300874
0021300150
0021300904
0021300299
0021300959
0021300587
0021301055
0021300742
0021300384
0021300799
0021300118
0021300490
0021300193
0021300126
0021300887
0021300554
0021300524
0021301031
0021300476
0021300869
0021300645
0021300063
0021301080
0021300477
0021300632
0021300113
0021300074
0021301185
0021300014
0021300256
0021300787
0021300528
0021300506
0021300028
0021300002
0021300515
0021301006
0021300811
0021300865
0021300748
0021300335
